Constraints from 7229 samples:
log(Z) = -5793.99+-0.249804
INS log(Z) = -5795.02+-0.249804
ombh2:   0.0220445    0.0220978+-0.000335637
omch2:   0.127736    0.128782+-0.00384985
h:   0.659245    0.665564+-0.0257747
tau:   0.0705341    0.0702574+-0.0168795
ns:   0.96257    0.966008+-0.014109
as:   3.09211    3.09496+-0.0367876
n_eff:   3.22476    3.31378+-0.297792
sum_mnu:   0.0914783    0.103996+-0.0640715
A_planck:   0.999797    1.00016+-0.00231414
