Constraints from 7575 samples:
log(Z) = -5398.55+-0.25627
INS log(Z) = -5399.02+-0.25627
ombh2:   0.0225135    0.0225808+-0.000203155
omch2:   0.120946    0.121415+-0.00329239
h:   0.698602    0.698341+-0.00979879
tau:   0.0761875    0.0937394+-0.0146792
ns:   0.975706    0.979702+-0.00692488
as:   3.10072    3.12686+-0.0291147
n_eff:   3.25411    3.29953+-0.179846
sum_mnu:   0.0355541    0.0773382+-0.0708879
A_planck:   1.00497    1.00055+-0.00230493
