7	7
1.32e-07	-5.27e-08	7.26e-07	3.62e-07	2.53e-07	6.04e-07	2.27e-08
-5.27e-08	2.77e-06	-1.03e-05	-6.59e-07	-8.23e-06	1.16e-05	1.45e-06
7.26e-07	-1.03e-05	4.87e-05	4.34e-06	3.28e-05	-3.52e-05	-5.83e-06
3.62e-07	-6.59e-07	4.34e-06	0.000143	1.49e-05	0.00027	4.64e-07
2.53e-07	-8.23e-06	3.28e-05	1.49e-05	5.42e-05	-5.05e-05	-7.58e-06
6.04e-07	1.16e-05	-3.52e-05	0.00027	-5.05e-05	0.000697	2.29e-05
2.27e-08	1.45e-06	-5.83e-06	4.64e-07	-7.58e-06	2.29e-05	8.41e-06
