7	7
1.25e-07	-5.54e-08	6.54e-07	5.07e-07	2.62e-07	8.95e-07	4.96e-09
-5.54e-08	2.27e-06	-8.5e-06	-1.87e-06	-6.31e-06	5.7e-06	9.2e-07
6.54e-07	-8.5e-06	4.05e-05	1.08e-05	2.6e-05	-1.13e-05	-3.81e-06
5.07e-07	-1.87e-06	1.08e-05	0.000174	1.6e-05	0.000335	-4.03e-07
2.62e-07	-6.31e-06	2.6e-05	1.6e-05	3.98e-05	-2.15e-05	-4.72e-06
8.95e-07	5.7e-06	-1.13e-05	0.000335	-2.15e-05	0.00077	1.68e-05
4.96e-09	9.2e-07	-3.81e-06	-4.03e-07	-4.72e-06	1.68e-05	7.21e-06
