7	7
0.000363	-0.000145	0.002	0.000999	0.000697	0.00166	6.25e-05
-0.000145	0.00166	-0.00602	-0.00031	-0.00491	0.00716	0.00088
0.002	-0.00602	0.00291	0.000163	0.000651	0.00156	-0.000228
0.000999	-0.00031	0.000163	0.0119	0.00106	0.0228	5.98e-05
0.000697	-0.00491	0.000651	0.00106	0.0053	-0.00786	-0.000608
0.00166	0.00716	0.00156	0.0228	-0.00786	0.00784	0.00137
6.25e-05	0.00088	-0.000228	5.98e-05	-0.000608	0.00137	0.00231
