7	7
0.000354	-0.000157	0.00185	0.00143	0.000741	0.00253	1.4e-05
-0.000157	0.0015	-0.00548	-0.0011	-0.00414	0.00407	0.000616
0.00185	-0.00548	0.00266	0.000805	0.000749	0.0024	-0.000175
0.00143	-0.0011	0.000805	0.0131	0.000748	0.0256	3.02e-05
0.000741	-0.00414	0.000749	0.000748	0.00459	-0.00597	-0.000451
0.00253	0.00407	0.0024	0.0256	-0.00597	0.00722	0.00155
1.4e-05	0.000616	-0.000175	3.02e-05	-0.000451	0.00155	0.00204
