6	6
0.00127	-0.00179	0.000717	0.00788	0.0145	-0.00742
-0.00179	0.00553	0.00296	-0.000149	-0.019	-0.0128
0.000717	0.00296	0.0079	-0.00407	-0.00642	-0.00052
0.00788	-0.000149	-0.00407	0.0171	0.011	-0.00114
0.0145	-0.019	-0.00642	0.011	0.024	0.0151
-0.00742	-0.0128	-0.00052	-0.00114	0.0151	0.0204
