6	6
1.6e-06	-2.27e-06	9.07e-07	9.97e-06	1.83e-05	-9.38e-06
-2.27e-06	3.38e-05	1.51e-05	-1.49e-05	-0.000131	-5.75e-05
9.07e-07	1.51e-05	7.18e-05	-2.7e-05	-9.65e-05	-4.73e-05
9.97e-06	-1.49e-05	-2.7e-05	0.00037	0.000331	-7.39e-05
1.83e-05	-0.000131	-9.65e-05	0.000331	0.00131	0.000487
-9.38e-06	-5.75e-05	-4.73e-05	-7.39e-05	0.000487	0.000865
