Constraints from 7324 samples:
log(Z) = -5397.78+-0.253505
INS log(Z) = -5399.17+-0.253505
ombh2:   0.0225115    0.0224764+-0.000197351
omch2:   0.116048    0.117126+-0.00137544
h:   0.695039    0.688513+-0.00627373
tau:   0.0905423    0.0953238+-0.0132058
ns:   0.975306    0.972583+-0.00469751
as:   3.10761    3.11943+-0.025127
sum_mnu:   0.00717401    0.0362507+-0.0330145
A_planck:   1.00063    1.0005+-0.00232674
