Constraints from 6702 samples:
log(Z) = -5378.49+-0.242222
INS log(Z) = -5379.4+-0.242222
ombh2:   0.0229359    0.0228396+-0.000222263
omch2:   0.124484    0.123483+-0.00376884
h:   0.70875    0.699998+-0.0146362
tau:   0.112228    0.106316+-0.0106063
ns:   1.00003    0.994974+-0.00814193
as:   3.17273    3.15535+-0.0238338
n_eff:   3.76057    3.66029+-0.225914
A_planck:   1.00176    1.00064+-0.00228962
