Constraints from 7010 samples:
log(Z) = -5396.26+-0.247944
INS log(Z) = -5396.36+-0.247944
ombh2:   0.0223656    0.0223241+-0.000218293
omch2:   0.118436    0.119388+-0.00191723
h:   0.684819    0.681204+-0.00875095
tau:   0.092745    0.0917041+-0.0161709
ns:   0.969814    0.967441+-0.00568638
as:   3.1165    3.11779+-0.0298655
A_planck:   1.0002    1.00068+-0.00220546
