Constraints from 7049 samples:
log(Z) = -5373.62+-0.248025
INS log(Z) = -5374.81+-0.248025
ombh2:   0.0224305    0.0223665+-0.000196159
omch2:   0.117838    0.117947+-0.00135291
h:   0.688218    0.681272+-0.00638416
tau:   0.0893877    0.085568+-0.0167725
ns:   0.970624    0.970051+-0.00440886
as:   3.10911    3.10117+-0.0328942
sum_mnu:   0.0102635    0.0676831+-0.0571973
A_planck:   1.00043    1.0003+-0.00233547
