Constraints from 7365 samples:
log(Z) = -5373.44+-0.250966
INS log(Z) = -5374.24+-0.250966
ombh2:   0.0221954    0.0222004+-0.000405483
omch2:   0.118873    0.120035+-0.00400988
h:   0.669554    0.660688+-0.035603
tau:   0.0718233    0.0828442+-0.0212775
ns:   0.964322    0.964388+-0.0168393
as:   3.0785    3.09938+-0.0462094
n_eff:   2.96364    3.05882+-0.319696
sum_mnu:   0.0277228    0.220007+-0.191844
A_planck:   1.00207    1.00027+-0.00236128
