Constraints from 6475 samples:
log(Z) = -5370.08+-0.236894
INS log(Z) = -5370.47+-0.236894
ombh2:   0.0221366    0.0222813+-0.000233615
omch2:   0.120003    0.119475+-0.00221515
h:   0.676974    0.680374+-0.0100514
tau:   0.0743162    0.077319+-0.019094
ns:   0.965905    0.966376+-0.00620268
as:   3.09021    3.08837+-0.0364949
A_planck:   1.00358    1.00025+-0.00228267
