Constraints from 6729 samples:
log(Z) = -5372.01+-0.241737
INS log(Z) = -5372.3+-0.241737
ombh2:   0.0224013    0.0223305+-0.00019383
omch2:   0.118344    0.118618+-0.00124739
h:   0.686558    0.684093+-0.00559724
tau:   0.0820389    0.081056+-0.0177754
ns:   0.968632    0.968342+-0.00428442
as:   3.10713    3.09375+-0.0349621
A_planck:   1.00574    1.00021+-0.00230221
