9	9
8.98e-08	-3.72e-08	3.95e-07	1.74e-07	-2.25e-07	1.15e-06	-6.61e-07	2.03e-06	2.32e-08
-3.72e-08	1.03e-06	-3.84e-06	-9.54e-07	-5.51e-07	-0.000528	2.35e-05	-1.96e-05	-1.28e-07
3.95e-07	-3.84e-06	1.95e-05	4.26e-06	1.21e-05	0.00209	-9.99e-05	9.82e-05	3.37e-07
1.74e-07	-9.54e-07	4.26e-06	0.0001	-2.08e-05	-0.000717	0.000202	0.000138	-7.74e-07
-2.25e-07	-5.51e-07	1.21e-05	-2.08e-05	0.0212	0.0148	-0.000515	0.00185	-1.44e-05
1.15e-06	-0.000528	0.00209	-0.000717	0.0148	10.7	-0.275	0.203	-1.37e-05
-6.61e-07	2.35e-05	-9.99e-05	0.000202	-0.000515	-0.275	0.008	-0.00508	8.6e-06
2.03e-06	-1.96e-05	9.82e-05	0.000138	0.00185	0.203	-0.00508	0.0112	6e-06
2.32e-08	-1.28e-07	3.37e-07	-7.74e-07	-1.44e-05	-1.37e-05	8.6e-06	6e-06	4.94e-06
