9	9
0.000298	-0.000111	0.00124	0.00109	-0.00198	-0.0744	0.00124	0.00503	4.91e-05
-0.000111	0.000999	-0.00364	-0.00126	0.00636	-0.244	0.0159	-0.0119	-7.94e-05
0.00124	-0.00364	0.00201	0.000965	0.000727	-0.0104	-0.00188	0.0091	-2.32e-05
0.00109	-0.00126	0.000965	0.00981	-0.00303	-0.115	0.0229	0.00794	-0.000187
-0.00198	0.00636	0.000727	-0.00303	0.143	-0.222	0.00489	0.0106	2.14e-05
-0.0744	-0.244	-0.0104	-0.115	-0.222	3.34	-0.0843	0.0728	-4.99e-05
0.00124	0.0159	-0.00188	0.0229	0.00489	-0.0843	0.0194	-0.00262	0.000504
0.00503	-0.0119	0.0091	0.00794	0.0106	0.0728	-0.00262	0.0852	9.86e-05
4.91e-05	-7.94e-05	-2.32e-05	-0.000187	2.14e-05	-4.99e-05	0.000504	9.86e-05	0.002
