Constraints from 6953 samples:
log(Z) = -5373.51+-0.244904
INS log(Z) = -5374.09+-0.244904
ombh2:   0.0219207    0.0219922+-0.000376821
omch2:   0.121057    0.120138+-0.00390626
h:   0.630481    0.628713+-0.0272496
tau:   0.0709553    0.0827286+-0.0221918
ns:   0.957158    0.956441+-0.0157149
as:   3.08554    3.09763+-0.047626
n_eff:   3.04265    2.99149+-0.304276
A_planck:   1.00421    1.00027+-0.00237651
