Constraints from 5591 samples:
log(Z) = -3821.01+-0.214359
INS log(Z) = -3821.05+-0.214359
ombh2:   0.0224667    0.0226003+-0.000486237
omch2:   0.118289    0.117896+-0.00302166
h:   0.67941    0.686284+-0.0163819
tau:   0.0928362    0.0927003+-0.0123153
ns:   0.97266    0.972343+-0.0122567
as:   3.11959    3.1175+-0.0247986
