thermodynamics_init failed for:
h = 0.624354785615649721108866287977
Omega0_b = 0.0538572174670003678276231084965
Omega0_cdm = 0.325149670515028799133716574943
Omega0_g = 6.34857491168379172276695077137e-05
Omega0_ur = 4.39174661715403276797745069082e-05
tau = 0.160769292261719154435439804729
thermodynamics_init failed for:
h = 0.624354785615649721108866287977
Omega0_b = 0.0538572174670003678276231084965
Omega0_cdm = 0.325149670515028799133716574943
Omega0_g = 6.34857491168379172276695077137e-05
Omega0_ur = 4.39174661715403276797745069082e-05
tau = 0.160769292261719154435439804729
