Constraints from 7422 samples:
log(Z) = -5794.68+-0.25579
INS log(Z) = -5795.97+-0.25579
ombh2:   0.021879    0.0218441+-0.000204385
omch2:   0.124973    0.125842+-0.00181117
h:   0.649171    0.643999+-0.00998474
tau:   0.0556575    0.0606965+-0.0171816
ns:   0.955858    0.954096+-0.00539127
as:   3.06826    3.06881+-0.0332694
sum_mnu:   0.076833    0.103125+-0.0641074
A_planck:   1.00601    1.00009+-0.00230964
