Constraints from 3300 samples:
log(Z) = -5376.84+-0.222197
INS log(Z) = -5375.04+-0.222197
ombh2:   0.0231363    0.0229579+-0.000349114
omch2:   0.114793    0.11759+-0.00538656
h:   0.712837    0.712962+-0.0164936
tau:   0.082442    0.08065+-0.0198298
ns:   0.980732    0.983311+-0.00904347
as:   3.08746    3.08942+-0.0436991
n_eff:   3.12581    3.22467+-0.274981
A_planck:   0.999474    0.999542+-0.00106789
