Constraints from 7090 samples:
log(Z) = -5373.54+-0.249307
INS log(Z) = -5374.4+-0.249307
ombh2:   0.0222956    0.022408+-0.000248411
omch2:   0.119987    0.120247+-0.00385906
h:   0.68324    0.690954+-0.0153733
tau:   0.0769076    0.0831002+-0.017964
ns:   0.969198    0.97222+-0.00906463
as:   3.09974    3.1019+-0.0380842
n_eff:   3.09631    3.15319+-0.234313
A_planck:   1.00569    1.00026+-0.00236672
