7	7
0.000368	-0.00057	0.00364	0.00466	0.00108	0.00962	0.000234
-0.00057	0.00226	-0.00888	-0.00304	-0.00702	0.003	0.000639
0.00364	-0.00888	0.00351	0.00392	0.000818	0.00847	0.00027
0.00466	-0.00304	0.00392	0.0168	-6.97e-05	0.0349	0.000319
0.00108	-0.00702	0.000818	-6.97e-05	0.00653	-0.0102	-0.000541
0.00962	0.003	0.00847	0.0349	-0.0102	0.0108	0.000966
0.000234	0.000639	0.00027	0.000319	-0.000541	0.000966	0.0022
