7	7
1.35e-07	-2.1e-07	1.34e-06	1.72e-06	3.97e-07	3.54e-06	8.62e-08
-2.1e-07	5.43e-06	-2.21e-05	-9.53e-06	-1.65e-05	1.28e-06	1.31e-06
1.34e-06	-2.21e-05	0.000104	5.77e-05	6.91e-05	3.81e-05	-3.87e-06
1.72e-06	-9.53e-06	5.77e-05	0.000329	2.84e-05	0.000656	5.58e-06
3.97e-07	-1.65e-05	6.91e-05	2.84e-05	9.37e-05	-7.26e-05	-7.56e-06
3.54e-06	1.28e-06	3.81e-05	0.000656	-7.26e-05	0.00161	3.36e-05
8.62e-08	1.31e-06	-3.87e-06	5.58e-06	-7.56e-06	3.36e-05	6.69e-06
