Constraints from 7747 samples:
log(Z) = -5399.4+-0.256155
INS log(Z) = -5400.57+-0.256155
ombh2:   0.022439    0.0222689+-0.000393276
omch2:   0.121013    0.119989+-0.00358423
h:   0.695083    0.667472+-0.0359941
tau:   0.0927833    0.0937438+-0.0199225
n_eff:   3.22804    3.06349+-0.296639
sum_mnu:   0.0142441    0.15696+-0.196101
a_0:   3.39566    3.49675+-0.154959
a_1:   3.03974    3.01432+-0.088376
A_planck:   0.998192    1.00062+-0.00235145
