Constraints from 1300 samples:
log(Z) = -5445.54+-0.17353
INS log(Z) = -5485.5+-0.17353
ombh2:   0.0227838    0.0227838+-nan
omch2:   0.128013    0.128013+-nan
h:   0.663425    0.663425+-nan
tau:   0.186303    0.186303+-nan
ns:   0.954976    0.954976+-nan
as:   3.33237    3.33237+-nan
A_planck:   1.00013    1.00013+-nan
