Constraints from 6766 samples:
log(Z) = -5372.25+-0.243697
INS log(Z) = -5372.92+-0.243697
ombh2:   0.0224225    0.0223473+-0.000200008
omch2:   0.118681    0.118525+-0.00128796
h:   0.685173    0.684722+-0.00584874
tau:   0.0860765    0.0824214+-0.0177342
ns:   0.969492    0.968751+-0.00444634
as:   3.10768    3.09657+-0.0348144
A_planck:   1.00195    1.00034+-0.00224783
