thermodynamics_init failed for:
h = 0.706028733178997391917164350161
Omega0_b = 0.0460886636735364785266710896394
Omega0_cdm = 0.245115089997123530851652617457
Omega0_g = 4.96471572913336520009586205759e-05
Omega0_ur = 2.6357910251016886983566056557e-05
tau = 0.154546023343323291054929313759
