Constraints from 6450 samples:
log(Z) = -5369.98+-0.236732
INS log(Z) = -5370.6+-0.236732
ombh2:   0.0223234    0.0222865+-0.000230823
omch2:   0.118875    0.119378+-0.00221527
h:   0.683575    0.680862+-0.0100457
tau:   0.078925    0.0790203+-0.0190728
ns:   0.967095    0.966819+-0.00623703
as:   3.08933    3.09137+-0.0364906
A_planck:   0.999741    1.00021+-0.00231728
