background_init failed for:
h = 0.672644302933833038160571504704
Omega0_b = 0.0452315497083221260132823715594
Omega0_cdm = 0.249650966525109957450112574406
Omega0_g = 5.46975912992585206829146415863e-05
Omega0_ur = 4.49148913162650411474638434406e-05
tau = 0.0670267884174487460491320689471
background_init failed for:
h = 0.672644302933833038160571504704
Omega0_b = 0.0452315497083221260132823715594
Omega0_cdm = 0.249650966525109957450112574406
Omega0_g = 5.46975912992585206829146415863e-05
Omega0_ur = 4.49148913162650411474638434406e-05
tau = 0.0670267884174487460491320689471
