Constraints from 6560 samples:
log(Z) = -5370.69+-0.236641
INS log(Z) = -5371.51+-0.236641
ombh2:   0.0222707    0.0221911+-0.000237524
omch2:   0.119873    0.120067+-0.00224407
h:   0.677766    0.659875+-0.0192401
tau:   0.0733055    0.080837+-0.0168533
ns:   0.967424    0.963926+-0.00683442
as:   3.07756    3.09608+-0.0322113
sum_mnu:   0.0145098    0.209911+-0.183614
A_planck:   0.99824    1.00032+-0.00220911
