Constraints from 6764 samples:
log(Z) = -5792.94+-0.243427
INS log(Z) = -5793.18+-0.243427
ombh2:   0.0219081    0.0218885+-0.000207305
omch2:   0.125688    0.12562+-0.00180882
h:   0.653124    0.653767+-0.00771889
tau:   0.0604118    0.0581287+-0.0168701
ns:   0.954717    0.954743+-0.00534533
as:   3.07517    3.0636+-0.0326023
A_planck:   1.00352    1.00014+-0.00228817
