Constraints from 6613 samples:
log(Z) = -5371.75+-0.240335
INS log(Z) = -5372.42+-0.240335
ombh2:   0.0224257    0.0223404+-0.000198153
omch2:   0.118045    0.118576+-0.00127119
h:   0.687677    0.684438+-0.00577784
tau:   0.0753683    0.0818801+-0.0175536
ns:   0.969387    0.968606+-0.00438617
As:   3.08856    3.09558+-0.0348139
A_planck:   1.00384    1.00034+-0.00233429
