thermodynamics_init failed for:
h = 0.684692616375828788655155676679
Omega0_b = 0.0491219017671458632601222404901
Omega0_cdm = 0.252445852098955647591083106818
Omega0_g = 5.27895365496994039113468066837e-05
Omega0_ur = 3.65181590811192882217554867008e-05
tau = 0.172316140998511502235857051346
