Constraints from 6583 samples:
log(Z) = -5370.37+-0.240601
INS log(Z) = -5371.06+-0.240601
ombh2:   0.0223194    0.0223015+-0.000224093
omch2:   0.119766    0.119352+-0.0021429
h:   0.679651    0.681127+-0.0097014
tau:   0.0741905    0.0777476+-0.018779
ns:   0.966423    0.966769+-0.00601052
as:   3.08408    3.08912+-0.0360193
A_planck:   1.0012    1.00031+-0.00237317
