6	6
0.00838	0.00137	0.0509	-2.68e-05	-0.000113	0.000447
0.00137	0.0705	0.0668	0.000135	-0.00015	0.000218
0.0509	0.0668	0.0344	-8.05e-05	4.07e-05	0.00095
-2.68e-05	0.000135	-8.05e-05	0.0424	-0.000104	-0.000105
-0.000113	-0.00015	4.07e-05	-0.000104	0.0565	0.000514
0.000447	0.000218	0.00095	-0.000105	0.000514	0.367
