6	6
7.02e-05	1.15e-05	0.000427	-2.25e-07	-9.46e-07	3.75e-06
1.15e-05	0.00497	0.00478	9.48e-06	-1.07e-05	1.6e-05
0.000427	0.00478	0.00825	4.89e-06	-1.44e-05	7e-05
-2.25e-07	9.48e-06	4.89e-06	0.0018	-4.44e-06	-4.52e-06
-9.46e-07	-1.07e-05	-1.44e-05	-4.44e-06	0.00319	2.9e-05
3.75e-06	1.6e-05	7e-05	-4.52e-06	2.9e-05	0.135
