Constraints from 3300 samples:
log(Z) = -5408.58+-0.228183
INS log(Z) = -5404.92+-0.228183
ombh2:   0.0214459    0.0214518+-6.62036e-05
omch2:   0.129739    0.129582+-0.00179136
h:   0.634955    0.634744+-0.00446123
tau:   0.0953125    0.0949937+-0.00353663
n_eff:   3.25269    3.24756+-0.0797143
sum_mnu:   0.254276    0.258572+-0.0457691
a_0:   3.57022    3.5694+-0.0194686
a_1:   3.03076    3.02942+-0.0174035
A_planck:   1.00342    1.00335+-0.000590488
