Constraints from 7360 samples:
log(Z) = -5374.59+-0.251562
INS log(Z) = -5376.14+-0.251562
ombh2:   0.0222995    0.0224772+-0.000249932
omch2:   0.118716    0.120604+-0.00387509
h:   0.687237    0.691562+-0.015227
tau:   0.0831039    0.0880876+-0.0167399
ns:   0.97119    0.976696+-0.00961665
as:   3.09463    3.11304+-0.0359244
n_eff:   3.08778    3.23157+-0.244592
sum_mnu:   0.00648081    0.0885217+-0.0749783
A_planck:   0.998632    1.00047+-0.00233219
