6	6
0.000616	-0.000996	0.0117	0.00366	0.00706	0.009
-0.000996	0.00447	-0.0166	-0.00286	-0.00467	0.00923
0.0117	-0.0166	0.00829	0.00141	0.00328	0.00431
0.00366	-0.00286	0.00141	0.0144	0.00253	0.0298
0.00706	-0.00467	0.00328	0.00253	0.00918	0.00379
0.009	0.00923	0.00431	0.0298	0.00379	0.00919
