6	6
3.8e-07	-6.14e-07	7.21e-06	2.25e-06	4.35e-06	5.55e-06
-6.14e-07	2.09e-05	-8.58e-05	-1.64e-05	-2.79e-05	3.22e-05
7.21e-06	-8.58e-05	0.000481	0.000102	0.000187	-1.21e-05
2.25e-06	-1.64e-05	0.000102	0.000231	8.03e-05	0.000442
4.35e-06	-2.79e-05	0.000187	8.03e-05	0.000173	0.000145
5.55e-06	3.22e-05	-1.21e-05	0.000442	0.000145	0.00117
