9	9
1.1e-07	3.07e-07	2.15e-06	4.25e-07	1.05e-06	1.98e-06	2.52e-05	1.86e-07	1.42e-07
3.07e-07	9.02e-06	2.97e-05	9.4e-07	1.61e-05	2.59e-05	0.000534	6.67e-06	7e-07
2.15e-06	2.97e-05	0.000184	2.09e-05	9.27e-05	0.000131	0.00235	-5.63e-05	7.03e-06
4.25e-07	9.4e-07	2.09e-05	0.000134	1.82e-05	0.000259	0.000215	4.47e-05	-3.96e-06
1.05e-06	1.61e-05	9.27e-05	1.82e-05	6.47e-05	8.29e-05	0.00133	8.91e-05	2.42e-06
1.98e-06	2.59e-05	0.000131	0.000259	8.29e-05	0.000608	0.00194	0.00012	1.11e-05
2.52e-05	0.000534	0.00235	0.000215	0.00133	0.00194	0.0374	0.00166	7.79e-05
1.86e-07	6.67e-06	-5.63e-05	4.47e-05	8.91e-05	0.00012	0.00166	0.00247	5.99e-06
1.42e-07	7e-07	7.03e-06	-3.96e-06	2.42e-06	1.11e-05	7.79e-05	5.99e-06	8.79e-06
