9	9
0.000331	0.000928	0.00648	0.00128	0.00316	0.00597	0.0762	0.000562	0.000429
0.000928	0.00286	0.00829	-8.78e-05	0.00462	0.00714	0.162	0.00215	0.000106
0.00648	0.00829	0.00854	0.00155	0.00397	0.00394	0.06	-0.0091	0.000395
0.00128	-8.78e-05	0.00155	0.0114	0.000738	0.0216	0.00334	0.00512	-0.000449
0.00316	0.00462	0.00397	0.000738	0.00414	-0.000117	0.0254	0.0265	-0.00016
0.00597	0.00714	0.00394	0.0216	-0.000117	0.00617	0.00347	0.00472	0.00257
0.0762	0.162	0.06	0.00334	0.0254	0.00347	0.0328	0.0337	3.26e-05
0.000562	0.00215	-0.0091	0.00512	0.0265	0.00472	0.0337	0.0221	0.000109
0.000429	0.000106	0.000395	-0.000449	-0.00016	0.00257	3.26e-05	0.000109	0.00125
