thermodynamics_init failed for:
h = 0.829387548632229076872590667335
Omega0_b = 0.0357274909304549706523523866508
Omega0_cdm = 0.199288668867835583320413661568
Omega0_g = 3.59769312315607380577293927804e-05
Omega0_ur = 3.04459742847452787309868449395e-05
tau = 0.154180059148419229542170683089
