Constraints from 6885 samples:
log(Z) = -5371.58+-0.244919
INS log(Z) = -5371.12+-0.244919
ombh2:   0.0224157    0.0223856+-0.000371826
omch2:   0.118995    0.120294+-0.00388679
h:   0.692269    0.689289+-0.0276571
tau:   0.0770608    0.0819628+-0.0216366
ns:   0.972092    0.971199+-0.0153982
as:   3.08707    3.09989+-0.0459736
n_eff:   3.11978    3.1425+-0.305212
A_planck:   0.999983    1.0004+-0.00231256
