thermodynamics_init failed for:
h = 0.716824966682502173753732677142
Omega0_b = 0.0449452273626957110597146538566
Omega0_cdm = 0.219521898909721513426518413326
Omega0_g = 4.81629291668114146106847994755e-05
Omega0_ur = 3.33176160292756793051410779682e-05
tau = 0.175939957771141575193496464635
