Constraints from 7328 samples:
log(Z) = -5373.02+-0.248259
INS log(Z) = -5366.37+-0.248259
ombh2:   0.022315    0.0225074+-0.000225706
omch2:   0.11821    0.11849+-0.00207373
h:   0.685125    0.686306+-0.00943672
tau:   0.0801042    0.0901296+-0.0199351
k_1:   -1.85341    -8.69089+-3.83819
a_0:   3.4341    1.3584+-1.77524
a_1:   3.06036    3.26508+-0.110233
a_2:   2.20641    2.82658+-0.780051
A_planck:   1.00304    1.00037+-0.00234479
